22
37
58
63
53
83
31
20
63
88
70
9360
4354
30
25
70
457
5777
22
30188
18029
6244
30
18
1393
2467
253
479
862
1337
2000
14
16
1826
3293
68
695
19
15
26
30
46
16
16
12
17
35
13
28
23
33
176
45
30
18
40
18
58
60
14
16860
16860
16860
75
137
69
48
9
40
1650
91
18
30
19
32
965
26
36
4192
4192
588
31
3595
115
209
2262
2262
235
469
3442
1845
18
826
24
4996
29685
1133
3799
2963
3780
1481
593
20454
936
3453
24
10339
41919
13666
48908
9845
34268
19628
4387
5394
6711
10738
1438
3595
23973
11077
49721
16671
11004
11004
11004
11004
120
65
59
59
1066
7623
4891
59
33
24
12
60
42
72
588
17
9
68
17
16
32
138
137
19
27
52
273
7574
18
20
80
16
28
302
98
107
538
26
29
9
36
109
91
38
48
32
27
67
94
150
250
113
237
20
20
18
41
18
21
45
32
24
30
14
155
249
56
30
31
23
146
65
25
15
130
71
1264
281
34
63
4267
10520
2152
21
2392
90
2492
41
10520
546
7828
2183
2183
138
126
318
101
95
115
27
120
2310
1205
71
879
455
70
2926
2926
54
452
104
43
206
522
385
3160
52
40
44
38
109
15
248
81
144
210
7356
106
21
141
49
40
16
21
29
18
103
111
118
52
75
23
79
16
32
22
45
20
26
25
36
60
16
20
17
25
29
40
53
42
58
6
7
7
11
65
28
24
31
17
15
123
22
34
120
120
44
24
36
108
27
38
34
28
21
339
215
163
32
175
150
179
575
610
61
162
135
656
1140
1350
90
86
121
129
144
71
440
94
35
33
15
3984
16
16
235
286
39
50
57
24
32
49
40
46
10
991
59
3409
58
248
68
64
18
20
11
20
16
16
35
97
76
21
22
45
30
16
16
30
35
30
25
143
390
160
17
132
5245
125
79
41
65
85
87
18
70
11
16
15
21
27
21
80
140
14
18
79
115
572
3568
15
16
63
42
72
315
209
209
209
139
62
23
65
20
20
100
140
25
101
7
12
10
16
16
15
16
40
15
40
23
36
22
24
20
17
19
17
15
16
95
63
92
138
16
22
46
51
199
1375
260
31
36
82
286
60
465
138
2329
333
1307
120
4891
1065
84
123
30
106
223
180
456
787
51
34
160
18
44
16
35
21
129
1647
823
3083
129
983
6
215
81
1725
498
4275
41
45
124
124
63
35
42
798
513
63
6079
141
22
17
44
182
22
61
47
47
25
31
9
31
49
179
19
17
15
24
45
37
21
19
21
44
28
3642
7145
137
23
18
15
23
217
146
288
40
22
16
43
43
28
23
36
11
12
15
54
143
29
18
30
49
32
90
30
54
76
18
43
46
49
55
216
40
34
63
43
42
30
3771
28
47
59
132
90
39
7623
4891
100
18
21
13696
30
27
968
22
2324
2729
84
92
23
940
99
146
78
74
65
7
49
82
13
43
16
13
59
41
31
31
31
24
52
136
120
32
39
41
18
40
70
69
67
99
17
23
53
336
87
12
32
25
29
40
15
905
11
234
28
20
17
65
20
10
35
56
10
20
20
10
36
18
110
204
14
12
35
39
59
44
28
33
33
85
56
139
28
69
342
20
11
382
25
37
406
64
25
24
258
63
19
36
47
56
290
40
45
33
170
46
35
37
54
22
25
16
16
21
40
3224
32
127
1438
2547
21
72
435
29
522
135
474
1308
32
35
13
12
16
30
48
76
16
105
253
270
11084
791
31
40
45
38
21
33
11
24
16
30
66
37
25
21
22
17
18
34
19
15
77
234
232
19
20
50
48
39
75
27
18
27
22
100
17
25
140
17
15
20
17
15
18
30
15
272
15
37
16
21
28
37
39
16
11
263
23
28
16
21
21
69
89
16
22
40
33
25
37
27
13
19
32
15
15
10
17
55
45
15
24
17
30
45
86
54
350
49
30
35
550
132
89
20
9
43
55
2170
75
110
30
18
30
15
90
30
40
20
11
2050
3448
7145
720
17
14
38
26
90
35
60
25
25
28
16
16
30
30
25
30
30
20
18
26
118
118
118
236
20
18
18
165
165
25
25
10
10
333
17
30
11
12
17
30
80
70
60
30
15
18
75
100
13
15
20
31
13
10
20
17
3643
46
25
50
40
125
25
50
20
25
35
30
45
25
60
75
25
45
20
14
16
30
16
20
20
20
26
110
150
14
17
5
6
7
16
6
16
17
24
13
26
27
15
45
32
36
50
137
128
146
143
22
64
121
169
13
1956
7326
27
17
11
31
50
11
17
12
2325
483
48
141
217
44
30
15
30
35
21
22
17
292
31466
190
187
268
30
45
23
23
13
18
18
19
56
60
16
64
23
15
17
28
13
25
25
32
35
25
32
35
25
20
39
32
22
22
39
53
25
25
9843
124
1701
147
894
1290
417
2286
21
36
40
52
69
335
464
567
154
206
111
83
2547
69
70
61
81
71
11772
32
37
37
27
27
37
27
37
44
109
12
17
149
261
57
95
5551
4973
28
15
15
23
12300
12300
12300
12300
28230
12099
12300
12300
12300
5174
22
26
76
19458
17015
15
7223
4927
3819
161
182
211
105
77
223
13846
13846
6977
140
140
140
155
97
118
9738
3788
7525
85
2350
186
173
245
245
298
1370
2484
90
4187
5742
266
344
76
1520
13033
43
25
116
37
452
1708
24
178
29
50
20
17
101
72
77
6563
186
99
576
153
17
27
142
15
27
34
1849
8
23
22
240
159
2725
2725
2725
2705
1066
109
11478
26
39
14
38
15
35
35
30
21
25
19
23
39
45
410
24
36
16
220
62
838
158
408
17
21
412
30
14
15
41
19
3004
99
146
127
102
29
210
38
95
43
85
21
26
25
76
61
258
56
31
16
30
6306
481
2352
44
30
71
76
28
30
15
15
15
29
29
44
318
43
28
13
14
20
20
24
12
79
18
982
617
1474
4891
20
198
168
123
26
33
32
30
33
32
32
27
46
179
77
143
23
44
121
17
26
11
25
1229
34
35
16
19
35
4247
31
13
75
50
65
75
67
22
35
25
28
100
70
100
25
22
22
50
25
25
22
465
18
300
25
35
30
122
80
55
170
10
25
40
15
13
600
15
22
40
55
42
150
25
15
18
15
18
38
26
55
20
36
27
85
10
30
45
15
29
7193
493
40
28
719
7193
80
90
25
15
11
18
28
38
25
18
18
31
20
20
15
15
15
20
25
20
10
35
25
18
25
30
9
20
30
25
40
20
45
30
30
31
45
15
10
13
10
27
20
65
22
29
15
17
15
62
90
36
20
20
90
25
16
16
16
10
16
10
10
20
40
15
82
52
25
16
50
20
94
29
16
50
13
23
18
32
108
24
12
220
40
110
25
21
18
80
25
65
36
1008
334
49
63
35
229
440
22
19
190
21
256
74
139
54
60
27
27
27
10
8905
20
10
429
641
1269
23
38
55
70
165
281
36
52
19
215
217
57
248
2303
179
408
135
229
149
180
40
25
2977
3886
8342
12485
16629
4334
8600
200
20
30
25
50
140
141
254
37
70
65
84
38
25
40
37
8
1463
3
66
30
45
60
18
18
30
65
18
15
15
50
11
27
45
60
178
35
26
37
279
28
70
18
807
12
22
35
17
25
108
15
12
22
54
30
89
47792
31861
7965
51
31
47
11
149
4700
16
33
142
55
96
31
140
137
140
80
20
76
10
190
30
22
107
401
55
132
50
23
30
59
75
67
99
24
45
26
845
14
40
55
58
66
11
10
15
12
15
17
40
57
31
41
32
2286
953
463
64
35
20
20
18
19
510
1956
3293
33
450
135
192
13
130
176
6
29
1451
20
8
3363
20310
738
1120
10
16
15
35
35
703
704
968
925
1288
1153
1382
1839
2345
87
133
200
16
29
21
84
123
28
205
150
325
2255
2261
40
60
114
99
99
598
43
179
175
499
40
1024
21
25
14
33
219
77
113
147
636
168
306
589
90
39
401
1844
1942
980
185
216
129
24
24
35
90
7
14
19
15
36
16
15
19
38
38
28
50
20
14
17
25
45
14
14
118
119
100
45
94
15
15
18
30
17
24
24
175
22
15
8
12
13
24
14
20
18
13
16
18
11
19
90
10
7
27
10
36
10
389
15242
165
10
43
32
12
264
86
24
26
37
31
33
24
15
29
53
11
83
17
15
25
20
86
16
67
53
25
31
13
27
21
14
36
43
93
27
11
30
12
22
19
6
20
22
28
19
20
30
13424
23
33
138
33
56
16
21
44
35
14
22
22
59
65
9
40
60
14
155
255
22
32
25
29
68
21
13
97
11
24
32
24
24
18
17
35
12
252
218
10
2634
2634
878
3447
3447
1149
218
33
17
244
61
306
22
134
12
125
144
77
32
46
156
6510
13
21
12
13
17
16
150
48
76
28
332
12
20
42
21
61
12
40
34
30
64
42
56
26
12
20
29
24
313
1315
68
32
20
150
41
30
21
85
6
326
181
87
481
90
37
64
233
25
26
167
28
13
19
30
66
19
36
47
14
90
15
31
197
432
1703
276
25
23
24
88
419
143
2372
463
125
15
867
155
138
100
122
1540
14
194
196
285
462
237
141
120
337
282
1722
2286
3711
279
277
301
31
40
803
536
200
2747
4217
586
875
1171
1458
1760
2351
299
2894
24
29
36
57
481
879
75
305
313
37
34
55
31
26
39
96
49
14
11
47
911
155
286
287
18
138
92
147
200
506
1099
281
313
369
466
9451
9451
9422
1646
3082
76
79
149
24
32
54
65
43
25
168
43
198
75
123
401
95
106
131
19
14
105
51
49
80
482
81
17133
47
141
35
287
3230
1608
540
100
186
100
186
80
149
40
37
57
1791
95
29
17
18
17
30
54
40
38
33
29
10
29
10
29
40
39
543
154
282
32
12
4054
22
32
31
35
120
190
61
115
24
38
13
24
19
29
16
17
11
16
134
130
44
32
26
42
69
30
30
45
29
168
198
123
29
54
70
94
32
37
16
17
26
28
34
31
20
40
17
34
79
27
61
34
40
61
33
34
44
9748
17
31
47
12
20
5174
18
20
838
316
632
12
133
14
15
18
133
17
15
15
46
31
37
40
6
14
53
16
17
10
20
17
39
58
16
13
14
22
41
80
15
50
50
721
22
146
39
63
115
31
16
16
457
14
18
18
28
27
6
24
15
19
63
106
201
38
13
30
22
65
80
121
14
37
34
12
20
101
19
130
37
17
30
26
22
96
35
60
19
41
13
42
25
46
29
48
22
16
40
20
63
64
126
106
126
48
71
37
137
79
75
55
14
118
27
40
66
50
70
174
146
40
64
105
132
151
91
42
160
188
19
72
23
43
208
82
37
32
27
33
39
21
14
25
133
29
8
16
20
19
45
304
120
35
118
65
28
22
19
64
8699
8030
8030
78
57
248
80
143
173
30
33
58
143
90
6978
9663
279
279
136
284
204
144
414
232
204
193
523
72
30
164
116
50
250
250
250
250
8250
59
34
30
30
78
200
170
90
137
14
24
50
36
16
270
266
29
40
30
25
43
50
65
40
42
323
6188
12375
1547
3094
16
20
23
28
23
16
30
34
671
30
80
15
22
10
17
45
80
16
26
130
18
9
111
94
300
43
9
44
53
35
23
26
18
18
21
26
35
10
20
13
12
10
35
110
27
40
55
17
17
14
20
24
30
18
35
15
8
20
37
4
15
10
45
20
50
12
45
20
12
14
79
370
250
20
323
30
124
5
20
12
12
350
38
27
20
18
13
26
23
604
110
16
25
18
8
7
17
15
7
10
18
18
16
23
13
353
21
23
101
37
142
152
142
22
7
15
22
45
11
45
14
30
15
322
527
25
10
14
18
1800
220
26
35
35
10
20
102
22
55
35
40
10
7
30
1270
5860
19
280
600
200
77
117
32
222
23
66
28
170
94
152
554
554
68
1975
76
280
10
25
130
240
104
44
28
13
14
37
69
17
13
13
7
15
8
18
22
53
21
19
14
769
18
23
23
15
170
18
291
80
135
31
868
37
28
38
42
3096
1632
1133
3531
22
24
26
183
22
12
620
2352
75
42
493
2221
25
498
4891
5174
29
3364
953
463
523
29
24
130
3218
1917
4716
954
15
2003
8
10
52
78
44
23
19
26
20
19
28
33
89
50
5094
102
126
130
178
56
26
44
86
120
361
201
107
87
31
47
821
2176
58
20
100
21
29
47
141
71
556
296
3000
1678
15
26
18
20
30
71
46
25
37
575
17
28
39
82
5
37
41
32
53
65
121
103
21
16
55
11
18
120
16
86
24
31
13
25
25
122
52
42
200
15
20
29
28
32
21
15
15
29
53
90
60
42
42
25
122
16
15
30
35
23
8
16
16
16
20
31
29
44
21
31
32
53
65
25
16
41
20
14
27
17
25
80
89
313
24
85
42
148
214
61
50
35
70
27
50
38
37
27
16
34
366
25
399
30
16
16
13
27
24
28
16
30
25
32
49
31
26
50
37
20
20
37
12
30
65
25
20
31
10
25
42
15
17
60
20
20
17
30
26
26
9
35
60
60
17
40
45
50
65
77
22
21
83
35
7
20
30
28
28
30
13
80
70
10
13
12
42
24
34
24
40
18
15
15
20
14
20
25
30
17
43
24
25
19
25
38
25
30
14
16
18
22
129
180
24
10
15
20
64
66
47
112
80
35
49
14
20
22
20
37
15
15
8
21
30
16
26
8
110
265
37
30
18
85
40
25
35
13
12
20
25
30
15
30
2806
3815
20
20
33
280
20
15
11
18
10
397
18
25
85
15
20
13
18
16
12
45
22
25
1150
17
25
30
280
30
61
89
42
15
20
25
29
20
15
35
18
25
15
15
17
17
25
15
15
14
20
16
15
323
25
28
20
10
30
40
18
28
40
40
40
24
18
354
25
16
30
30
70
90
100
40
25
36
87
13
240
11
121
50
291
16